$ANSIBLE_VAULT;1.1;AES256
36646335316262666430356239616466333036356230306531323863633030343632323738306531
6432323736383737326538353831343233393335386339620a303363363265366561383665346139
66363337666565613735383636653331313063393461656435356338373330663562646139356131
3531383861333166360a613739306562323631616533356663616136343332663635303365386232
63393534633962353939313261363663343832303630363030363734376166643266643764656165
32393039356333323434336165393736326131666537316633613366623137333336373336306165
30333936636234353933656537353734386638643839326262386530613135623136653235613532
39363831333134313030633738613266366263653237666263356439626465646533643863656331
30376563633261616230393835376539653464316465623761613932353763633939666138623733
30383430303463353363646637386131633261373635643866623237303163616162633938363961
38333866306563336665323461393836626133316432336233363064636635343961636464636537
66653562626237353265613937623836623733303137346563393061396635613635353266313436
66353565303137653364666636356666376364383461333632303634656137386239653336386563
39636338393131613962383065653765643535663933353233393238333232363335366437323038
63336432633862356532396535663039313836386631303036333134613765313731373864646138
33623035653736623636383264656464616434313931633234353838376366303035363239376262
30643432613731656265396439633139333863396561373736643934393031363062616436313563
38383763323963393939646137313030623462643131353431333038303631336263646631383761
63353237363565353835313863353436646566333631383963303834343938663932393233396133
34373763303430343664386561343966313061366665366265363637333165356336633436386366
65616164663864626230613537613631393963373731313665386432366561366139353031333635
34376166313435323637393862393531653434373834326536633836653834303938623738363037
64613366306230643231373763663831666166663134666562643032313531396632643937303337
38636431346162393966396135663139316434663932373864636535376437663433653138376430
32353733376161646335386138343039356663396438653032383330646535663263383537363838
37353336323639643330633333366235346632313939373537373565376363373566363466393835
33623731346666373739646633366534376562316235623638643234346638323935333636323036
62376234623135316639373163393436353634613235373362646130653166356335383166666230
38383938353338346261306465373261333536353266656365396262373333653736653137383066
61353932346638656633346264353864646535623866343261346566663730636266643862393566
626366666164366666643036623435363566
